Dataset: MNIST
--------------------------------------------
Model Name: MGVAE
==================================================================
VAE Part:
==================================================================
Random Seed = 10
--------------------------------------------
Device = cuda:2
--------------------------------------------
Number of Epochs = 1500
--------------------------------------------
Learning Rate = 0.0001
--------------------------------------------
Step Size = 20
--------------------------------------------
Input Dimension = 784
--------------------------------------------
Encoder Hidden Dimension 1 = 500
--------------------------------------------
Encoder Hidden Dimension 2 = 500
--------------------------------------------
Encoder Hidden Dimension 3 = 2000
--------------------------------------------
Latent Dimension = 10
--------------------------------------------
Decoder Hidden Layer 1 = 2000
--------------------------------------------
Decoder Hidden Layer 2 = 500
--------------------------------------------
Decoder Hidden Layer 3 = 500
--------------------------------------------
Output Dimension = 784
--------------------------------------------
Weight Decay = 1e-05
--------------------------------------------
Batch Size (Training) = 100
--------------------------------------------
Batch Size (Test) = 100
--------------------------------------------
gamma = 0.9
==================================================================

GMM Part:
==================================================================
Number of Components= 10
--------------------------------------------
Number of Iterations= 20
--------------------------------------------
Epsilon = 1e-10
--------------------------------------------
Precision = 28
==================================================================

Early Stopping:
--------------------------------------------
Maximum Patience = 1501
--------------------------------------------
Best Test Loss = inf
--------------------------------------------
Patience Counters = 0
==================================================================

Loss Functions:
==================================================================
Decoder Loss (Training) = tensor([[ -41.9910,  -45.5938,  -47.0598,  -75.6774,  -46.5078,  -40.5696,
          -50.8592,  -53.6876,  -47.4602,  -45.0705],
        [-106.8562, -103.3495,  -95.1527, -589.5120, -106.2304, -102.2160,
         -104.0010, -109.4016, -103.3406, -101.9495],
        [ -44.1879,  -47.6145,  -45.6006,  -45.3947,  -52.2232,  -56.7497,
          -53.1463,  -45.6783,  -47.4105,  -47.8247],
        [ -88.1527,  -84.5862,  -93.9973, -324.6012,  -90.2913,  -87.8648,
          -90.9941,  -86.3986,  -83.7820,  -91.3853],
        [ -67.5657,  -70.7197,  -64.7401, -123.4188,  -65.2666,  -62.7728,
          -65.8727,  -67.4968,  -70.1577,  -70.8604],
        [ -58.3308,  -53.6479,  -58.7710,  -87.6956,  -59.1358,  -55.1958,
          -66.2777,  -59.1998,  -52.3194,  -52.3329],
        [ -75.8756,  -71.1634,  -76.1793, -141.1048,  -73.8109,  -74.6683,
          -67.6610,  -68.4839,  -68.8569,  -78.3112],
        [ -72.7252,  -68.7096,  -69.4304, -233.9321,  -72.4614,  -68.1726,
          -63.7685,  -72.5404,  -75.8783,  -83.0988],
        [-108.5317, -101.8373,  -99.2053, -395.9518, -110.0693,  -98.7050,
          -96.8858, -107.5508,  -99.7195, -100.3532],
        [ -69.1880,  -71.1601, -105.3402, -273.3935,  -73.4685,  -76.0585,
          -82.8765,  -73.9242,  -71.2225,  -72.3664],
        [ -97.7062,  -92.3447,  -95.5619, -333.7370,  -92.1633,  -89.5102,
          -89.8748,  -94.4205,  -95.7931,  -96.2420],
        [ -61.6839,  -50.4427,  -68.2246, -193.9868,  -82.2097,  -59.1129,
          -56.4628,  -54.8266,  -53.2925,  -64.2482],
        [ -51.2426,  -57.2122,  -64.0015, -118.4395,  -55.6841,  -56.5690,
          -67.5977,  -53.0432,  -55.2581,  -72.5756],
        [ -96.5295,  -91.0908,  -87.3953, -428.9412,  -86.7942,  -87.8332,
          -86.1275,  -89.5300,  -91.7511,  -90.6240],
        [ -85.0557,  -96.9229,  -88.9288, -205.2765,  -91.9248,  -91.4455,
          -87.0491, -100.2356,  -93.8619,  -94.6566],
        [ -88.6849,  -86.2627,  -78.8705, -173.3983,  -82.0789,  -82.7921,
          -81.0584,  -87.1327,  -77.1452,  -80.5507],
        [ -61.5967,  -73.7610,  -63.1451, -171.8454,  -68.2674,  -64.3537,
          -65.0908,  -68.4014,  -74.2907,  -73.0926],
        [-100.7269, -106.5340, -101.1503, -562.5300,  -97.3895,  -98.1154,
          -93.5214, -101.0612, -105.4504,  -97.8765],
        [ -87.6053,  -83.9712,  -80.7158, -177.1149,  -81.5223,  -91.1587,
          -77.4346,  -85.8078,  -98.0591,  -85.1963],
        [ -75.0661,  -66.0980,  -60.6426, -178.6570,  -63.4698,  -66.0211,
          -66.4446,  -62.6181,  -65.1113,  -57.8020],
        [ -67.9061,  -70.9709,  -70.9271, -108.6730,  -79.0092,  -76.0017,
          -63.8599,  -63.8957,  -67.9438,  -73.3198],
        [ -75.5351,  -72.9449,  -81.9653, -273.7660,  -72.2058,  -76.6780,
          -78.2260,  -74.4553,  -71.3583,  -77.6574],
        [ -66.6671,  -60.2000,  -59.5082, -142.6829,  -74.9691,  -67.1272,
          -64.2934,  -69.4919,  -60.3483,  -67.9355],
        [ -55.8322,  -57.7264,  -55.0566,  -84.1493,  -52.8258,  -56.4061,
          -53.1542,  -52.4181,  -56.2181,  -53.8502],
        [ -34.2787,  -46.1417,  -35.6929,  -42.7522,  -37.0246,  -38.1427,
          -36.0491,  -41.2756,  -51.3395,  -49.7814],
        [ -72.6809,  -91.6774,  -74.1130, -270.7427,  -74.9655,  -80.5372,
          -74.6968,  -78.1369,  -80.4483,  -75.2432],
        [ -79.5386,  -80.1556,  -75.2413, -133.5987,  -78.8808,  -79.4837,
          -82.3317,  -77.7100,  -74.5811,  -71.0191],
        [ -85.8192,  -74.5121,  -81.6842, -138.7576,  -90.1771,  -90.3201,
          -83.2658,  -82.3545,  -78.3166,  -74.7360],
        [ -27.5620,  -38.2706,  -34.2221,  -25.4885,  -31.2261,  -27.3806,
          -28.5167,  -38.4571,  -26.7947,  -27.6089],
        [ -59.0648,  -62.9295,  -57.9821, -169.0443,  -57.9989,  -61.1095,
          -64.8470,  -68.0858,  -64.1150,  -66.9188],
        [ -29.3486,  -32.8082,  -29.6481,  -28.5439,  -32.9753,  -32.6963,
          -35.0333,  -34.4207,  -30.5395,  -31.6978],
        [ -82.9806,  -73.2023,  -74.4833, -252.4081,  -93.1106,  -87.5260,
          -72.9506,  -72.7723,  -77.8161,  -71.9285],
        [ -78.7440,  -66.6571,  -67.5413, -352.7694,  -92.9867,  -66.7566,
          -77.1028,  -69.2388,  -79.9618,  -80.4472],
        [ -76.0573,  -70.8906,  -73.5205, -294.0865,  -76.5582,  -80.6537,
          -72.0834,  -70.5937,  -70.5959,  -74.6729],
        [ -67.8461,  -86.0094,  -75.7671, -137.5109,  -70.1878,  -74.2584,
          -69.9624,  -66.9413,  -66.2238,  -69.9217],
        [ -31.7001,  -36.6154,  -32.6324,  -30.3192,  -37.8998,  -51.5253,
          -34.8692,  -36.0252,  -31.6795,  -38.1241],
        [ -90.5384,  -73.3090,  -85.0319, -135.5126,  -79.3468,  -80.3758,
          -81.8142,  -80.8721,  -82.7653,  -85.5396],
        [-154.5327, -159.4561, -143.9826, -294.5280, -148.8298, -142.0907,
         -154.9372, -151.5543, -149.0650, -148.4306],
        [ -95.6998,  -98.4891,  -98.1290, -346.1707,  -97.5269, -113.3740,
         -100.0360,  -98.6782, -107.7949,  -93.7628],
        [ -51.8743,  -37.8649,  -33.8181,  -28.9499,  -34.7565,  -31.4383,
          -51.9045,  -37.7897,  -41.8771,  -37.7530],
        [ -86.1832,  -79.3863,  -84.3020, -254.8160,  -78.7013,  -79.6163,
          -90.2180,  -80.2519,  -81.4660,  -79.8308],
        [ -53.4071,  -57.0290,  -69.7710,  -83.2869,  -55.5077,  -56.9272,
          -60.2659,  -53.1844,  -56.0449,  -55.2002],
        [ -93.5953,  -89.3500,  -88.0441, -280.3043,  -94.9186,  -92.5337,
          -94.3450,  -89.6490,  -95.7615,  -98.1125],
        [-134.1934, -132.9603, -143.4483, -300.7159, -136.7639, -131.5892,
         -133.2326, -132.7154, -124.2092, -121.7929],
        [ -89.0163,  -91.6288,  -90.0783, -271.3786,  -87.5094,  -85.6880,
          -96.5338,  -84.3068,  -91.3867,  -86.5573],
        [-107.0217, -111.8381, -106.0369, -267.0070, -108.5679, -103.8421,
         -103.8362, -109.8117, -111.8570, -116.2755],
        [ -97.9041,  -98.0905,  -91.5549, -166.4873,  -88.2127,  -92.4624,
          -95.2728,  -91.7645,  -88.7688,  -87.4075],
        [ -77.2239,  -68.3578,  -67.2173,  -94.1389,  -61.8650,  -71.7071,
          -65.5152,  -63.4808,  -65.6250,  -65.3031],
        [ -74.1761,  -78.2066,  -78.2275, -249.3998,  -72.3318,  -76.2765,
          -84.7923,  -74.0546,  -74.8672,  -87.2664],
        [ -85.0901,  -87.0627,  -95.4990, -107.6452,  -92.8059,  -93.4550,
          -88.4445,  -91.3789,  -88.6213,  -87.9946],
        [ -87.6719,  -80.6122,  -80.3027, -203.8632,  -88.9377,  -82.6940,
          -90.2038,  -79.1585,  -85.1053,  -93.3124],
        [ -80.4101,  -84.2912,  -86.6429, -235.6842,  -87.4065,  -92.5176,
          -81.3331,  -86.6118,  -77.9221,  -83.9725],
        [ -61.2904,  -73.2425,  -59.6776, -125.8425,  -65.6304,  -62.1333,
          -66.6360,  -66.1152,  -60.3430,  -65.6979],
        [ -55.8490,  -48.4129,  -57.4142,  -81.6004,  -50.3308,  -49.5826,
          -48.7674,  -72.2494,  -47.9070,  -62.8331],
        [ -32.5012,  -35.9810,  -30.4777,  -26.3716,  -37.9436,  -40.0807,
          -29.1654,  -44.7071,  -46.2358,  -33.9334],
        [ -44.6983,  -54.3410,  -53.5017,  -33.7458,  -38.4665,  -40.8693,
          -37.3453,  -79.1679,  -56.7877,  -43.2032],
        [ -66.4571,  -71.1000,  -62.5171, -115.2113,  -69.2696,  -67.0005,
          -66.9873,  -65.9476,  -71.3453,  -62.4799],
        [ -49.3937,  -49.8219,  -44.7155,  -43.4580,  -38.6323,  -38.0669,
          -45.4379,  -44.8507,  -48.7952,  -42.8148],
        [ -58.5000,  -63.2513,  -58.4904, -138.4951,  -57.5244,  -63.2218,
          -61.1888,  -63.7970,  -63.5547,  -60.6328],
        [ -76.8699,  -70.3647,  -71.7288, -128.7144,  -69.8099,  -82.1400,
          -69.7870,  -68.1409,  -72.9348,  -73.2117],
        [-114.1151, -105.0017, -117.4566, -408.4745, -109.4846, -115.4268,
         -104.8823, -103.5900, -110.5120, -115.2618],
        [ -66.2773,  -69.1900,  -64.2138, -175.9547,  -72.6810,  -71.8112,
          -60.3763,  -64.1494,  -60.4998,  -64.4165],
        [-100.6540, -102.3869,  -99.9726, -241.6870,  -94.8595,  -99.4165,
          -98.9315,  -94.6142,  -99.1758,  -94.6329],
        [ -61.0367,  -61.7012,  -67.8308, -148.8662,  -70.5472,  -63.7540,
          -72.1782,  -64.4537,  -69.0359,  -77.2889],
        [ -70.1510,  -70.0654,  -72.4527, -211.6339,  -75.6434,  -70.0745,
          -70.9470,  -76.1338,  -87.7536,  -65.5475],
        [ -68.2173,  -70.1714,  -66.2483, -144.1941,  -69.7827,  -66.5074,
          -64.0167,  -67.5391,  -68.5349,  -69.9877],
        [-100.2593, -101.0965, -110.6086, -478.6356,  -97.1936, -109.1799,
          -99.9128,  -99.1379, -104.7289,  -99.2837],
        [ -79.1364,  -76.1382,  -80.2359, -201.4885,  -84.0772,  -77.6853,
          -83.4118,  -86.1468,  -84.4081,  -78.6644],
        [ -91.9826, -101.7958,  -88.1845, -158.3814,  -92.8077,  -93.7451,
          -91.6302,  -94.9085, -102.9564,  -87.9200],
        [ -73.8242,  -77.2919,  -74.8598, -257.6185,  -69.9298,  -73.7857,
          -81.8965,  -82.2696,  -79.7180,  -75.4275],
        [ -87.2002,  -87.6170,  -91.5932, -327.9297, -106.3272,  -91.6907,
          -81.9227,  -80.0260,  -94.1127,  -88.2877],
        [ -75.2029,  -95.9408,  -74.3667, -171.7575,  -72.0865,  -78.1396,
          -74.1692,  -75.3969,  -77.3988,  -90.8679],
        [ -90.2453,  -99.4923, -101.2937, -170.6451,  -90.1754,  -88.7945,
          -91.7251,  -88.2279,  -98.0059,  -89.4792],
        [ -86.4414,  -87.8088,  -83.7231, -260.6644,  -94.1468,  -80.3192,
          -89.8410,  -80.7055,  -85.8959,  -83.7393],
        [ -83.6148,  -79.7264,  -83.9564, -173.7380,  -83.5436,  -86.9942,
          -82.5915,  -80.9520,  -83.9133,  -99.4198],
        [ -89.3699,  -87.1331,  -95.1788, -403.0458,  -99.5986,  -89.7116,
          -88.1517,  -91.9515,  -90.9059,  -90.6399],
        [ -72.7376,  -76.5647,  -72.3927, -239.2034,  -76.3584,  -76.0512,
          -71.9319,  -76.0494,  -79.7597,  -75.1562],
        [ -57.0447,  -61.0417,  -58.2432, -202.1085,  -65.7747,  -62.1945,
          -65.5417,  -64.1100,  -67.3465,  -70.0703],
        [ -80.0848,  -79.1333,  -77.7819, -200.5532,  -80.2490,  -86.0258,
          -83.2334,  -78.5972,  -83.2888,  -97.9545],
        [ -44.9702,  -41.3074,  -42.0163,  -37.5186,  -40.4383,  -50.9321,
          -56.4175,  -40.8973,  -50.8698,  -43.2114],
        [ -94.8488, -105.6913,  -94.3797, -243.6356,  -95.5685,  -98.7998,
          -98.9876,  -89.0120,  -96.7659, -106.9516],
        [ -66.4445,  -60.5059,  -62.4080, -242.0735,  -66.4642,  -69.7090,
          -61.1053,  -63.3138,  -74.8889,  -60.8363],
        [ -40.8948,  -31.0041,  -30.4962,  -31.4495,  -36.6338,  -47.6954,
          -30.1310,  -30.5014,  -33.8974,  -35.6947],
        [-119.2170, -108.1693, -114.2796, -459.9844, -104.8453, -115.8413,
         -112.2788, -126.4326, -109.4326, -104.9243],
        [ -65.1092,  -58.3075,  -56.6114,  -78.9503,  -61.2643,  -50.8859,
          -65.6951,  -59.0450,  -55.7169,  -62.8946],
        [ -93.4526, -101.0195,  -90.6241, -509.3949,  -94.8169,  -99.3816,
          -94.5220,  -92.9813,  -93.1387,  -93.1222],
        [ -54.2976,  -59.5359,  -54.6073, -106.6461,  -50.7719,  -62.3048,
          -68.8557,  -84.4932,  -52.6198,  -57.7522],
        [ -67.9222,  -68.1618,  -60.0061, -167.0759,  -67.1359,  -64.9398,
          -62.8507,  -65.2152,  -58.5509,  -70.5665],
        [ -58.0079,  -62.0606,  -59.9806, -234.4616,  -57.6471,  -59.7055,
          -64.8977,  -70.7945,  -60.3251,  -62.1889],
        [ -56.8908,  -53.3433,  -53.3459, -103.5647,  -57.4313,  -79.2718,
          -56.8517,  -55.3643,  -56.4950,  -56.5523],
        [ -62.7253,  -72.2957,  -62.6039, -229.3115,  -71.8290,  -68.2135,
          -64.9638,  -64.3889,  -67.4465,  -64.1358],
        [ -43.6617,  -52.4327,  -37.5407,  -35.2408,  -36.0766,  -49.5173,
          -39.1087,  -53.7960,  -37.5703,  -42.9050],
        [ -67.6835,  -73.1575,  -69.3410, -395.2878,  -71.4542,  -70.7696,
          -69.4570,  -67.1343,  -74.9861,  -73.0444],
        [ -32.2047,  -35.9378,  -44.7860,  -26.9748,  -38.6988,  -33.4255,
          -30.0225,  -37.1358,  -34.9646,  -27.8013],
        [-116.8749, -104.1991, -104.7733, -237.8653, -117.8631, -106.1455,
         -100.8903, -108.9751, -119.5410, -108.9833],
        [ -94.3921,  -89.1200,  -85.5832, -205.2585,  -92.3565,  -96.9939,
          -84.6069,  -87.3795,  -86.5125,  -93.9808],
        [-114.6596, -113.7339, -115.6347, -209.2626, -117.8126, -131.8794,
         -111.2504, -106.2164, -104.0572, -109.9129],
        [ -65.5618,  -67.0895,  -69.3384, -293.2494,  -68.0754,  -72.3527,
          -67.2417,  -73.5305,  -69.1820,  -74.6239],
        [-101.0666, -105.0061, -100.9680, -468.8059, -105.5921,  -95.4469,
          -99.6467,  -95.1153, -101.2809,  -97.3825],
        [ -60.9841,  -62.3519,  -64.7422, -208.7484,  -63.4882,  -58.2207,
          -57.9061,  -62.1004,  -62.3148,  -60.7366]], device='cuda:2',
       grad_fn=<SumBackward1>)
=============================================================================================
Encoder Loss (Training) = Normal(loc: torch.Size([100, 10, 10]), scale: torch.Size([100, 10, 10]))
=============================================================================================
Decoder Loss (Test) = tensor([[ -76.2236,  -76.5510,  -76.3605, -158.3323,  -76.7085,  -76.4456,
          -76.3312,  -76.3501,  -76.5822,  -76.4416],
        [ -87.8895,  -87.9635,  -87.5797, -269.3539,  -88.0262,  -87.7769,
          -87.7778,  -87.5762,  -87.6914,  -87.8580],
        [ -90.1171,  -90.4266,  -90.3870, -358.7095,  -90.0471,  -90.5221,
          -90.3155,  -90.3561,  -90.3059,  -90.2865],
        [ -45.1674,  -45.6634,  -45.8298,  -40.5236,  -45.3784,  -45.7154,
          -45.8375,  -46.1512,  -45.9533,  -46.1071],
        [-114.5442, -114.2311, -114.4524, -255.1389, -114.7501, -114.0994,
         -114.7494, -114.2165, -114.3946, -114.6682],
        [-128.9727, -129.3567, -129.0875, -191.2883, -128.9044, -128.7214,
         -128.6139, -129.1743, -129.8105, -129.4094],
        [ -91.3180,  -91.9192,  -91.5178, -170.1026,  -92.1134,  -90.8490,
          -91.8326,  -90.8813,  -91.6186,  -91.5940],
        [ -46.2714,  -46.2546,  -46.5516,  -84.7945,  -46.3456,  -46.1695,
          -46.4183,  -46.3103,  -46.0998,  -46.3754],
        [ -57.8232,  -57.8342,  -57.7380, -161.2175,  -57.8455,  -57.7984,
          -57.8054,  -57.8095,  -57.8768,  -57.8366],
        [ -54.1822,  -54.0351,  -54.0345, -109.9532,  -54.1867,  -54.1673,
          -54.0405,  -53.9818,  -54.1918,  -54.0913],
        [-104.8500, -104.9741, -104.9309, -235.5646, -104.6770, -104.8055,
         -104.6070, -105.0862, -105.2280, -105.1591],
        [ -78.1565,  -78.0155,  -78.2048, -418.0758,  -78.1299,  -78.2012,
          -78.2583,  -78.0890,  -78.0985,  -78.1466],
        [ -39.3261,  -39.3103,  -39.2432,  -40.4849,  -39.2124,  -39.3401,
          -39.2372,  -39.1562,  -39.3656,  -39.3396],
        [ -96.7686,  -96.4509,  -96.5099, -276.8695,  -97.3127,  -96.5904,
          -97.4776,  -96.5998,  -97.2061,  -96.5831],
        [ -91.5189,  -91.6642,  -91.7009, -255.6183,  -92.5078,  -91.8706,
          -91.8599,  -91.8288,  -92.1171,  -91.7966],
        [ -70.4452,  -70.4843,  -70.7318, -213.4701,  -70.6636,  -70.6179,
          -70.6077,  -70.5928,  -70.4877,  -70.6290],
        [ -67.7167,  -67.7018,  -67.7619, -149.5274,  -67.9494,  -67.8003,
          -67.9066,  -67.7286,  -67.9714,  -67.9585],
        [ -83.9382,  -83.7849,  -84.0708, -323.6326,  -83.6360,  -84.0074,
          -84.1608,  -83.7206,  -83.5716,  -84.0208],
        [ -74.4541,  -74.5235,  -74.4848, -132.6615,  -74.6155,  -74.5764,
          -74.4109,  -74.5589,  -74.4657,  -74.4565],
        [ -60.1656,  -60.2982,  -60.1823,  -89.9721,  -60.0412,  -60.1220,
          -60.1394,  -60.1678,  -60.1232,  -60.1439],
        [ -79.4548,  -79.7805,  -79.5870, -254.5366,  -79.9010,  -80.1049,
          -79.9528,  -79.4617,  -79.5884,  -79.8678],
        [-122.1852, -121.9705, -122.4282, -301.6894, -122.2882, -121.9797,
         -122.0870, -122.4190, -121.7699, -121.9711],
        [ -60.3041,  -60.3847,  -60.3355,  -99.0573,  -60.5007,  -60.2005,
          -60.4621,  -60.4973,  -60.3322,  -60.4539],
        [ -40.8872,  -41.2364,  -40.9353,  -36.1918,  -40.5737,  -40.5670,
          -40.5703,  -40.6436,  -40.7499,  -40.9851],
        [-101.4049, -101.5552, -101.2164, -233.0258, -101.0669, -101.8142,
         -101.1215, -101.5487, -101.4952, -101.6355],
        [ -92.4893,  -92.6107,  -92.1157, -178.0401,  -92.1766,  -92.4850,
          -92.7056,  -92.3252,  -92.2158,  -92.7775],
        [-151.0793, -151.7784, -151.5964, -275.9035, -152.4166, -151.7394,
         -151.6681, -151.6347, -151.4221, -151.9465],
        [ -79.4755,  -79.2216,  -79.1241, -148.9352,  -79.2084,  -79.3284,
          -79.3025,  -79.0626,  -79.3393,  -79.4258],
        [ -56.6579,  -56.7447,  -56.9954, -101.5064,  -56.9052,  -56.9128,
          -56.7359,  -56.8208,  -56.7148,  -56.8171],
        [ -59.4567,  -59.5038,  -59.3810, -155.0863,  -59.3137,  -59.4769,
          -59.3875,  -59.6151,  -59.3488,  -59.4983],
        [ -62.7410,  -62.7876,  -62.7700, -125.6175,  -62.9263,  -62.8132,
          -62.7856,  -62.8269,  -62.7609,  -62.8584],
        [ -36.8475,  -37.1546,  -37.3758,  -30.9517,  -35.8908,  -36.5356,
          -36.8355,  -36.7837,  -36.4536,  -36.8726],
        [ -69.7455,  -69.8868,  -69.6336,  -95.1105,  -69.8482,  -69.8519,
          -69.7909,  -69.8744,  -69.7940,  -69.8369],
        [ -93.8720,  -93.8492,  -93.8756, -206.5579,  -93.9795,  -93.8963,
          -93.7492,  -93.8740,  -93.9644,  -93.9335],
        [ -68.3646,  -68.2048,  -68.3382, -173.9554,  -68.5191,  -68.1713,
          -68.1661,  -68.1465,  -68.1859,  -68.2076],
        [ -43.4098,  -43.4366,  -43.4415,  -84.7804,  -43.4198,  -43.4248,
          -43.4424,  -43.4463,  -43.3423,  -43.4414],
        [ -82.3544,  -82.1135,  -82.0385, -340.5050,  -81.7516,  -81.9680,
          -82.8483,  -82.7048,  -82.2820,  -82.7135],
        [-122.6456, -123.7453, -123.5580, -296.0346, -123.8910, -123.1386,
         -122.1083, -123.5728, -122.8171, -123.1690],
        [ -63.1437,  -63.1185,  -63.1730, -196.2962,  -63.1808,  -63.1851,
          -63.1451,  -63.1366,  -63.2233,  -63.2020],
        [ -75.9722,  -76.0781,  -75.8495, -230.3610,  -75.7671,  -76.1695,
          -76.2957,  -75.8214,  -75.9927,  -76.0547],
        [-114.2889, -113.6241, -114.2341, -259.4119, -114.5294, -114.3606,
         -114.0901, -114.4241, -114.2761, -114.0315],
        [ -93.1380,  -92.9274,  -92.9005, -188.1679,  -93.7121,  -92.6979,
          -92.9508,  -92.8742,  -93.3734,  -93.2939],
        [ -95.2230,  -95.2245,  -95.1651, -327.2899,  -95.5769,  -94.8791,
          -94.9320,  -95.0857,  -95.2161,  -95.1979],
        [-128.3229, -128.0764, -128.7080, -297.0440, -128.3204, -128.5821,
         -128.7341, -128.1368, -128.2835, -127.9571],
        [-148.8189, -147.1331, -147.2953, -413.3928, -148.2669, -147.4266,
         -147.4298, -148.5591, -147.6316, -146.8436],
        [ -66.7160,  -66.4285,  -66.5105, -143.6371,  -66.4796,  -66.3519,
          -66.7008,  -66.5403,  -66.3645,  -66.4960],
        [ -45.1950,  -45.1361,  -45.2431,  -40.3227,  -44.2859,  -44.7783,
          -45.3499,  -44.8664,  -44.9481,  -45.0423],
        [ -98.0016,  -97.9319,  -97.8425, -205.5882,  -98.2295,  -97.6279,
          -97.6816,  -97.7804,  -97.5636,  -97.6928],
        [-122.0343, -122.2503, -122.0748, -339.0659, -122.0219, -121.6021,
         -121.8162, -122.3325, -122.3284, -122.2324],
        [ -74.3302,  -74.1656,  -74.2035, -137.1923,  -74.4450,  -74.2639,
          -74.2641,  -74.3175,  -74.3524,  -74.2687],
        [ -32.6622,  -32.3338,  -32.1934,  -30.2738,  -31.6121,  -32.1365,
          -32.4187,  -32.2880,  -32.3175,  -32.2510],
        [ -98.0865,  -98.2594,  -98.3835, -318.7724,  -97.8758,  -98.2002,
          -97.9182,  -97.9742,  -97.9018,  -98.0378],
        [ -91.5772,  -91.5670,  -91.5822, -198.2362,  -91.6711,  -91.5867,
          -91.8421,  -91.5640,  -91.6700,  -91.4732],
        [ -91.9944,  -91.6653,  -92.0188, -204.3856,  -91.1754,  -91.6310,
          -91.3708,  -91.6763,  -91.9147,  -91.8160],
        [-161.2945, -161.5764, -161.6678, -341.9643, -161.9469, -162.2406,
         -161.9575, -161.3394, -161.8672, -162.1531],
        [ -46.0198,  -46.0321,  -45.9531,  -44.2876,  -45.5986,  -46.1394,
          -46.0260,  -45.5756,  -45.8332,  -46.2444],
        [ -34.8185,  -35.0598,  -34.8225,  -33.2675,  -34.5952,  -34.8188,
          -34.9346,  -34.8630,  -34.9189,  -34.8680],
        [ -53.6883,  -53.7253,  -53.7455, -106.3776,  -53.6763,  -53.6608,
          -53.6867,  -53.6317,  -53.7176,  -53.7076],
        [ -47.2731,  -47.0967,  -47.1148,  -84.7103,  -47.3971,  -47.1295,
          -47.0992,  -47.0985,  -46.9339,  -47.1701],
        [ -77.6182,  -77.6903,  -77.9360, -146.4868,  -77.5259,  -77.7248,
          -77.9669,  -77.9955,  -77.7331,  -77.8408],
        [ -59.9316,  -59.9760,  -59.8881, -114.0891,  -60.0072,  -59.9450,
          -59.9834,  -59.8589,  -59.7758,  -59.8304],
        [ -72.5907,  -72.9257,  -73.0780, -139.2464,  -72.8110,  -73.1037,
          -73.0558,  -72.9363,  -73.2350,  -72.9024],
        [-114.9404, -114.8108, -114.9737, -441.5019, -114.9035, -114.9121,
         -115.0972, -114.8882, -114.9323, -115.1535],
        [ -53.6614,  -53.6293,  -53.7235, -137.9019,  -53.6727,  -53.6744,
          -53.6234,  -53.5965,  -53.5795,  -53.6409],
        [ -78.3445,  -78.5271,  -78.2735, -265.8546,  -78.4169,  -78.5048,
          -78.6888,  -78.3158,  -78.4187,  -78.4235],
        [-100.3142, -100.4574, -100.4087, -247.8656, -100.4836, -100.3046,
         -100.6310, -100.4286, -100.7371, -100.3465],
        [ -72.3699,  -72.2818,  -72.2837, -226.8730,  -72.3724,  -72.1023,
          -72.2092,  -72.5085,  -72.2382,  -72.5343],
        [ -83.2622,  -83.1980,  -83.3106, -193.3117,  -83.0846,  -83.2005,
          -83.4441,  -83.3479,  -83.1459,  -83.4663],
        [ -55.9830,  -55.8763,  -55.9827, -129.0501,  -56.0668,  -56.0608,
          -56.0270,  -55.9670,  -55.9788,  -55.9658],
        [ -40.5355,  -40.6632,  -40.2712,  -36.2194,  -39.8555,  -40.2402,
          -40.2898,  -40.3239,  -40.5588,  -40.6371],
        [ -69.2430,  -69.4237,  -69.6723, -238.6314,  -69.0500,  -69.5493,
          -69.6980,  -69.5109,  -69.5810,  -69.6454],
        [ -87.5613,  -87.9147,  -88.6456, -178.5948,  -88.1461,  -88.3476,
          -87.8967,  -88.4128,  -88.6773,  -88.2368],
        [ -59.2139,  -59.2832,  -59.2316, -121.8889,  -59.2886,  -59.1938,
          -59.2246,  -59.1686,  -59.1347,  -59.1642],
        [ -64.4817,  -64.3571,  -64.2404, -159.0964,  -64.3137,  -64.3690,
          -64.3869,  -64.1358,  -64.3353,  -64.2760],
        [ -57.7637,  -57.4426,  -57.5796, -124.4806,  -57.5730,  -57.5428,
          -57.6491,  -57.5427,  -57.7065,  -57.5469],
        [-126.6421, -127.0589, -127.3291, -241.0081, -127.1501, -126.9360,
         -127.7079, -127.0677, -127.6024, -128.0058],
        [ -75.3045,  -75.5046,  -75.4088, -151.4122,  -75.2115,  -75.3347,
          -75.2831,  -75.3795,  -75.4243,  -75.6401],
        [ -64.9415,  -65.0722,  -65.0327, -142.3435,  -64.8248,  -64.6214,
          -64.9125,  -64.7271,  -64.8217,  -64.7180],
        [ -45.4864,  -46.1819,  -45.8691,  -38.8028,  -44.6614,  -45.8266,
          -46.3998,  -46.2395,  -46.2830,  -46.4301],
        [ -58.2082,  -58.5483,  -58.3665,  -97.1968,  -58.4635,  -58.3081,
          -58.4304,  -58.3255,  -58.3793,  -58.2638],
        [-184.7930, -183.3326, -184.2381, -454.6927, -184.8833, -183.6001,
         -183.3901, -183.7595, -183.4571, -183.5412],
        [ -64.2692,  -64.7383,  -65.0807, -321.7285,  -64.9234,  -64.3180,
          -64.3552,  -64.7272,  -65.0137,  -64.5803],
        [-102.6535, -102.0883, -102.2490, -211.0499, -102.8517, -102.8787,
         -102.9154, -102.6317, -103.0144, -102.3031],
        [ -77.0221,  -76.9979,  -77.1442, -130.0863,  -77.0206,  -77.0653,
          -77.2007,  -77.1483,  -77.0821,  -77.1868],
        [ -31.3378,  -31.4637,  -31.8006,  -27.9367,  -32.1787,  -31.5098,
          -31.4605,  -31.1984,  -31.3258,  -31.4238],
        [ -71.6658,  -71.3822,  -71.5734, -226.1845,  -72.2851,  -71.2482,
          -71.8144,  -71.6756,  -71.8039,  -71.1801],
        [ -94.7259,  -94.8426,  -94.4818, -248.4599,  -95.7166,  -94.9311,
          -94.6630,  -94.2535,  -94.8752,  -94.8709],
        [ -47.0601,  -47.1252,  -47.1206, -113.0707,  -46.9833,  -47.0196,
          -47.0157,  -47.2358,  -47.1097,  -47.0198],
        [ -86.6126,  -86.2102,  -86.2372, -297.8076,  -87.0924,  -86.4014,
          -86.9968,  -86.8158,  -87.2726,  -86.2921],
        [ -60.6822,  -60.6920,  -60.7936, -179.9418,  -61.0549,  -60.5995,
          -60.5450,  -60.6407,  -60.4870,  -60.5570],
        [ -44.4581,  -44.4997,  -44.4248, -144.3266,  -44.5736,  -44.4642,
          -44.3884,  -44.3886,  -44.5321,  -44.4896],
        [ -59.7841,  -59.6360,  -59.6603, -197.3763,  -59.8019,  -59.5633,
          -59.8502,  -59.6953,  -59.7188,  -59.6949],
        [ -68.5619,  -68.8255,  -68.3964, -111.1269,  -68.6541,  -68.4508,
          -68.3976,  -68.4285,  -68.3703,  -68.3855],
        [-113.0946, -111.9913, -113.4117, -178.8846, -113.1774, -113.1331,
         -113.6266, -114.1133, -113.3351, -113.9033],
        [ -33.5950,  -34.0080,  -33.6608,  -32.2052,  -34.0008,  -33.4737,
          -33.4013,  -33.7400,  -33.6749,  -33.4704],
        [ -57.5950,  -57.7007,  -57.5503, -255.4457,  -57.6298,  -57.4710,
          -57.3729,  -57.6065,  -57.5146,  -57.4719],
        [ -67.6452,  -66.8158,  -66.8016, -203.2781,  -67.2815,  -67.0002,
          -67.3916,  -67.1861,  -67.2003,  -66.9673],
        [ -56.9621,  -57.1021,  -57.0492, -148.0064,  -57.2531,  -57.0809,
          -57.0698,  -56.9615,  -56.9029,  -57.0302],
        [ -68.2413,  -67.8440,  -67.8835, -241.7124,  -68.0319,  -68.0461,
          -68.3412,  -68.1958,  -67.9348,  -67.8843],
        [-105.3298, -104.9306, -104.9115, -209.4165, -103.9327, -104.6946,
         -104.5133, -105.0677, -104.4847, -104.6715]], device='cuda:2')
=============================================================================================
Encoder Loss (Test) = Normal(loc: torch.Size([100, 10, 10]), scale: torch.Size([100, 10, 10]))
=============================================================================================
